{
 "cells": [
  {
   "cell_type": "markdown",
   "id": "14dbc1c4",
   "metadata": {},
   "source": [
    "# Düzenleme Yöntemleri\n",
    "\n",
    "## İndeks Değerlerini Ayarlamak\n",
    "\n",
    "## index_col() Parametresi\n",
    "\n",
    "Veri Çerçevesi (Data Frame) içerisinde bulunan sütunlardan birini, indeks değeri olarak ayarlamak/atamak istersek, **index_col()** fonksiyonunu kullanabiliriz.\n",
    "Öncelikle elimizdeki excel dosyamızı veri çerçevesine dönüştürüp içeriğine göz atalım."
   ]
  },
  {
   "cell_type": "code",
   "execution_count": 36,
   "id": "ac3b0328",
   "metadata": {},
   "outputs": [
    {
     "data": {
      "text/html": [
       "<div>\n",
       "<style scoped>\n",
       "    .dataframe tbody tr th:only-of-type {\n",
       "        vertical-align: middle;\n",
       "    }\n",
       "\n",
       "    .dataframe tbody tr th {\n",
       "        vertical-align: top;\n",
       "    }\n",
       "\n",
       "    .dataframe thead th {\n",
       "        text-align: right;\n",
       "    }\n",
       "</style>\n",
       "<table border=\"1\" class=\"dataframe\">\n",
       "  <thead>\n",
       "    <tr style=\"text-align: right;\">\n",
       "      <th></th>\n",
       "      <th>Yıl</th>\n",
       "      <th>Toplam</th>\n",
       "      <th>Ortalama</th>\n",
       "    </tr>\n",
       "  </thead>\n",
       "  <tbody>\n",
       "    <tr>\n",
       "      <th>0</th>\n",
       "      <td>2001</td>\n",
       "      <td>1323341</td>\n",
       "      <td>110278.416667</td>\n",
       "    </tr>\n",
       "    <tr>\n",
       "      <th>1</th>\n",
       "      <td>2002</td>\n",
       "      <td>1229555</td>\n",
       "      <td>102462.916667</td>\n",
       "    </tr>\n",
       "    <tr>\n",
       "      <th>2</th>\n",
       "      <td>2003</td>\n",
       "      <td>1198927</td>\n",
       "      <td>99910.583333</td>\n",
       "    </tr>\n",
       "    <tr>\n",
       "      <th>3</th>\n",
       "      <td>2004</td>\n",
       "      <td>1222484</td>\n",
       "      <td>101873.666667</td>\n",
       "    </tr>\n",
       "    <tr>\n",
       "      <th>4</th>\n",
       "      <td>2005</td>\n",
       "      <td>1244041</td>\n",
       "      <td>103670.083333</td>\n",
       "    </tr>\n",
       "  </tbody>\n",
       "</table>\n",
       "</div>"
      ],
      "text/plain": [
       "    Yıl   Toplam       Ortalama\n",
       "0  2001  1323341  110278.416667\n",
       "1  2002  1229555  102462.916667\n",
       "2  2003  1198927   99910.583333\n",
       "3  2004  1222484  101873.666667\n",
       "4  2005  1244041  103670.083333"
      ]
     },
     "execution_count": 36,
     "metadata": {},
     "output_type": "execute_result"
    }
   ],
   "source": [
    "import pandas as pd\n",
    "\n",
    "dogumlar = pd.read_excel(\"Veri_Setleri/AyaGöreDoğumlar.xlsx\", sheet_name = \"ortalama\")\n",
    "dogumlar.head()"
   ]
  },
  {
   "cell_type": "markdown",
   "id": "c3c24216",
   "metadata": {},
   "source": [
    "Oluşan veri çerçevesindeki **Yıl** sütununu indeks olarak ayarlayalım."
   ]
  },
  {
   "cell_type": "code",
   "execution_count": 37,
   "id": "a502bb9b",
   "metadata": {
    "scrolled": true
   },
   "outputs": [
    {
     "data": {
      "text/html": [
       "<div>\n",
       "<style scoped>\n",
       "    .dataframe tbody tr th:only-of-type {\n",
       "        vertical-align: middle;\n",
       "    }\n",
       "\n",
       "    .dataframe tbody tr th {\n",
       "        vertical-align: top;\n",
       "    }\n",
       "\n",
       "    .dataframe thead th {\n",
       "        text-align: right;\n",
       "    }\n",
       "</style>\n",
       "<table border=\"1\" class=\"dataframe\">\n",
       "  <thead>\n",
       "    <tr style=\"text-align: right;\">\n",
       "      <th></th>\n",
       "      <th>Toplam</th>\n",
       "      <th>Ortalama</th>\n",
       "    </tr>\n",
       "    <tr>\n",
       "      <th>Yıl</th>\n",
       "      <th></th>\n",
       "      <th></th>\n",
       "    </tr>\n",
       "  </thead>\n",
       "  <tbody>\n",
       "    <tr>\n",
       "      <th>2001</th>\n",
       "      <td>1323341</td>\n",
       "      <td>110278.416667</td>\n",
       "    </tr>\n",
       "    <tr>\n",
       "      <th>2002</th>\n",
       "      <td>1229555</td>\n",
       "      <td>102462.916667</td>\n",
       "    </tr>\n",
       "    <tr>\n",
       "      <th>2003</th>\n",
       "      <td>1198927</td>\n",
       "      <td>99910.583333</td>\n",
       "    </tr>\n",
       "    <tr>\n",
       "      <th>2004</th>\n",
       "      <td>1222484</td>\n",
       "      <td>101873.666667</td>\n",
       "    </tr>\n",
       "    <tr>\n",
       "      <th>2005</th>\n",
       "      <td>1244041</td>\n",
       "      <td>103670.083333</td>\n",
       "    </tr>\n",
       "  </tbody>\n",
       "</table>\n",
       "</div>"
      ],
      "text/plain": [
       "       Toplam       Ortalama\n",
       "Yıl                         \n",
       "2001  1323341  110278.416667\n",
       "2002  1229555  102462.916667\n",
       "2003  1198927   99910.583333\n",
       "2004  1222484  101873.666667\n",
       "2005  1244041  103670.083333"
      ]
     },
     "execution_count": 37,
     "metadata": {},
     "output_type": "execute_result"
    }
   ],
   "source": [
    "dogumlar = pd.read_excel(\"Veri_Setleri/AyaGöreDoğumlar.xlsx\", sheet_name = \"ortalama\", index_col=0)\n",
    "dogumlar.head()"
   ]
  },
  {
   "cell_type": "markdown",
   "id": "d54cb240",
   "metadata": {},
   "source": [
    "İşlem başarılı. **Yıl** Sütunu, indeks olarak ayarlandı.\n",
    "\n",
    "## set_index() metodu\n",
    "\n",
    "Veri Çerçevelerinin indeks değerlerini **index_col** parametresi ile değiştirebildiğimiz gibi İstersek **set_index()** metodu ile de değiştirebilir / atayabiliriz.\n",
    "**dogumlar** isimli veri çerçevemizi yeniden oluşturup indeks başlığı **set_index()** metodu ile değiştirelim."
   ]
  },
  {
   "cell_type": "code",
   "execution_count": 38,
   "id": "89cbe88a",
   "metadata": {
    "scrolled": false
   },
   "outputs": [
    {
     "data": {
      "text/html": [
       "<div>\n",
       "<style scoped>\n",
       "    .dataframe tbody tr th:only-of-type {\n",
       "        vertical-align: middle;\n",
       "    }\n",
       "\n",
       "    .dataframe tbody tr th {\n",
       "        vertical-align: top;\n",
       "    }\n",
       "\n",
       "    .dataframe thead th {\n",
       "        text-align: right;\n",
       "    }\n",
       "</style>\n",
       "<table border=\"1\" class=\"dataframe\">\n",
       "  <thead>\n",
       "    <tr style=\"text-align: right;\">\n",
       "      <th></th>\n",
       "      <th>Yıl</th>\n",
       "      <th>Toplam</th>\n",
       "      <th>Ocak</th>\n",
       "      <th>Şubat</th>\n",
       "      <th>Mart</th>\n",
       "      <th>Nisan</th>\n",
       "      <th>Mayıs</th>\n",
       "      <th>Haziran</th>\n",
       "      <th>Temmuz</th>\n",
       "      <th>Ağustos</th>\n",
       "      <th>Eylül</th>\n",
       "      <th>Ekim</th>\n",
       "      <th>Kasım</th>\n",
       "      <th>Aralık</th>\n",
       "    </tr>\n",
       "  </thead>\n",
       "  <tbody>\n",
       "    <tr>\n",
       "      <th>0</th>\n",
       "      <td>2001</td>\n",
       "      <td>1323341</td>\n",
       "      <td>170397</td>\n",
       "      <td>103476</td>\n",
       "      <td>107912</td>\n",
       "      <td>102585</td>\n",
       "      <td>110391</td>\n",
       "      <td>111722</td>\n",
       "      <td>119752</td>\n",
       "      <td>120963</td>\n",
       "      <td>109590</td>\n",
       "      <td>103662</td>\n",
       "      <td>92554</td>\n",
       "      <td>70337</td>\n",
       "    </tr>\n",
       "    <tr>\n",
       "      <th>1</th>\n",
       "      <td>2002</td>\n",
       "      <td>1229555</td>\n",
       "      <td>155065</td>\n",
       "      <td>103446</td>\n",
       "      <td>102175</td>\n",
       "      <td>95976</td>\n",
       "      <td>99501</td>\n",
       "      <td>102627</td>\n",
       "      <td>109747</td>\n",
       "      <td>108061</td>\n",
       "      <td>99701</td>\n",
       "      <td>96216</td>\n",
       "      <td>89285</td>\n",
       "      <td>67755</td>\n",
       "    </tr>\n",
       "    <tr>\n",
       "      <th>2</th>\n",
       "      <td>2003</td>\n",
       "      <td>1198927</td>\n",
       "      <td>138670</td>\n",
       "      <td>89548</td>\n",
       "      <td>101046</td>\n",
       "      <td>92574</td>\n",
       "      <td>99531</td>\n",
       "      <td>104644</td>\n",
       "      <td>109225</td>\n",
       "      <td>109159</td>\n",
       "      <td>98766</td>\n",
       "      <td>94838</td>\n",
       "      <td>89542</td>\n",
       "      <td>71384</td>\n",
       "    </tr>\n",
       "    <tr>\n",
       "      <th>3</th>\n",
       "      <td>2004</td>\n",
       "      <td>1222484</td>\n",
       "      <td>141538</td>\n",
       "      <td>94596</td>\n",
       "      <td>100696</td>\n",
       "      <td>100801</td>\n",
       "      <td>102214</td>\n",
       "      <td>105728</td>\n",
       "      <td>111102</td>\n",
       "      <td>110425</td>\n",
       "      <td>98492</td>\n",
       "      <td>94840</td>\n",
       "      <td>90833</td>\n",
       "      <td>71219</td>\n",
       "    </tr>\n",
       "    <tr>\n",
       "      <th>4</th>\n",
       "      <td>2005</td>\n",
       "      <td>1244041</td>\n",
       "      <td>142311</td>\n",
       "      <td>94234</td>\n",
       "      <td>100529</td>\n",
       "      <td>97441</td>\n",
       "      <td>106833</td>\n",
       "      <td>108536</td>\n",
       "      <td>111066</td>\n",
       "      <td>111430</td>\n",
       "      <td>103273</td>\n",
       "      <td>103310</td>\n",
       "      <td>92364</td>\n",
       "      <td>72714</td>\n",
       "    </tr>\n",
       "    <tr>\n",
       "      <th>5</th>\n",
       "      <td>2006</td>\n",
       "      <td>1255432</td>\n",
       "      <td>128708</td>\n",
       "      <td>94760</td>\n",
       "      <td>104126</td>\n",
       "      <td>97624</td>\n",
       "      <td>103903</td>\n",
       "      <td>112016</td>\n",
       "      <td>115097</td>\n",
       "      <td>117298</td>\n",
       "      <td>107158</td>\n",
       "      <td>105773</td>\n",
       "      <td>93167</td>\n",
       "      <td>75802</td>\n",
       "    </tr>\n",
       "    <tr>\n",
       "      <th>6</th>\n",
       "      <td>2007</td>\n",
       "      <td>1289992</td>\n",
       "      <td>131276</td>\n",
       "      <td>93927</td>\n",
       "      <td>102807</td>\n",
       "      <td>100159</td>\n",
       "      <td>108119</td>\n",
       "      <td>110359</td>\n",
       "      <td>122324</td>\n",
       "      <td>118169</td>\n",
       "      <td>111055</td>\n",
       "      <td>109888</td>\n",
       "      <td>99639</td>\n",
       "      <td>82270</td>\n",
       "    </tr>\n",
       "    <tr>\n",
       "      <th>7</th>\n",
       "      <td>2008</td>\n",
       "      <td>1295511</td>\n",
       "      <td>130424</td>\n",
       "      <td>98099</td>\n",
       "      <td>102962</td>\n",
       "      <td>102877</td>\n",
       "      <td>107003</td>\n",
       "      <td>110089</td>\n",
       "      <td>119977</td>\n",
       "      <td>120048</td>\n",
       "      <td>114470</td>\n",
       "      <td>107978</td>\n",
       "      <td>97389</td>\n",
       "      <td>84195</td>\n",
       "    </tr>\n",
       "    <tr>\n",
       "      <th>8</th>\n",
       "      <td>2009</td>\n",
       "      <td>1266751</td>\n",
       "      <td>122407</td>\n",
       "      <td>92414</td>\n",
       "      <td>99419</td>\n",
       "      <td>103432</td>\n",
       "      <td>103783</td>\n",
       "      <td>107847</td>\n",
       "      <td>117160</td>\n",
       "      <td>116229</td>\n",
       "      <td>115824</td>\n",
       "      <td>105407</td>\n",
       "      <td>96155</td>\n",
       "      <td>86674</td>\n",
       "    </tr>\n",
       "    <tr>\n",
       "      <th>9</th>\n",
       "      <td>2010</td>\n",
       "      <td>1261169</td>\n",
       "      <td>119444</td>\n",
       "      <td>95023</td>\n",
       "      <td>103583</td>\n",
       "      <td>99477</td>\n",
       "      <td>103676</td>\n",
       "      <td>109441</td>\n",
       "      <td>113639</td>\n",
       "      <td>113082</td>\n",
       "      <td>110324</td>\n",
       "      <td>104427</td>\n",
       "      <td>101610</td>\n",
       "      <td>87443</td>\n",
       "    </tr>\n",
       "    <tr>\n",
       "      <th>10</th>\n",
       "      <td>2011</td>\n",
       "      <td>1252812</td>\n",
       "      <td>118547</td>\n",
       "      <td>92484</td>\n",
       "      <td>100992</td>\n",
       "      <td>95348</td>\n",
       "      <td>94131</td>\n",
       "      <td>104086</td>\n",
       "      <td>114390</td>\n",
       "      <td>121152</td>\n",
       "      <td>112959</td>\n",
       "      <td>105048</td>\n",
       "      <td>102970</td>\n",
       "      <td>90705</td>\n",
       "    </tr>\n",
       "    <tr>\n",
       "      <th>11</th>\n",
       "      <td>2012</td>\n",
       "      <td>1294605</td>\n",
       "      <td>119556</td>\n",
       "      <td>99966</td>\n",
       "      <td>105499</td>\n",
       "      <td>98880</td>\n",
       "      <td>105807</td>\n",
       "      <td>110056</td>\n",
       "      <td>118649</td>\n",
       "      <td>123634</td>\n",
       "      <td>110338</td>\n",
       "      <td>108327</td>\n",
       "      <td>102413</td>\n",
       "      <td>91480</td>\n",
       "    </tr>\n",
       "    <tr>\n",
       "      <th>12</th>\n",
       "      <td>2013</td>\n",
       "      <td>1297505</td>\n",
       "      <td>118373</td>\n",
       "      <td>94803</td>\n",
       "      <td>102471</td>\n",
       "      <td>96865</td>\n",
       "      <td>106757</td>\n",
       "      <td>109672</td>\n",
       "      <td>123758</td>\n",
       "      <td>121625</td>\n",
       "      <td>112913</td>\n",
       "      <td>110716</td>\n",
       "      <td>104182</td>\n",
       "      <td>95370</td>\n",
       "    </tr>\n",
       "    <tr>\n",
       "      <th>13</th>\n",
       "      <td>2014</td>\n",
       "      <td>1351088</td>\n",
       "      <td>121694</td>\n",
       "      <td>96802</td>\n",
       "      <td>105603</td>\n",
       "      <td>105652</td>\n",
       "      <td>112448</td>\n",
       "      <td>115978</td>\n",
       "      <td>129616</td>\n",
       "      <td>126296</td>\n",
       "      <td>119030</td>\n",
       "      <td>111754</td>\n",
       "      <td>105566</td>\n",
       "      <td>100649</td>\n",
       "    </tr>\n",
       "    <tr>\n",
       "      <th>14</th>\n",
       "      <td>2015</td>\n",
       "      <td>1336908</td>\n",
       "      <td>120373</td>\n",
       "      <td>99169</td>\n",
       "      <td>105792</td>\n",
       "      <td>103110</td>\n",
       "      <td>105254</td>\n",
       "      <td>115681</td>\n",
       "      <td>130945</td>\n",
       "      <td>123296</td>\n",
       "      <td>116428</td>\n",
       "      <td>112839</td>\n",
       "      <td>106319</td>\n",
       "      <td>97702</td>\n",
       "    </tr>\n",
       "    <tr>\n",
       "      <th>15</th>\n",
       "      <td>2016</td>\n",
       "      <td>1316204</td>\n",
       "      <td>114274</td>\n",
       "      <td>100640</td>\n",
       "      <td>105166</td>\n",
       "      <td>101947</td>\n",
       "      <td>104080</td>\n",
       "      <td>117994</td>\n",
       "      <td>120126</td>\n",
       "      <td>124833</td>\n",
       "      <td>114366</td>\n",
       "      <td>107951</td>\n",
       "      <td>104959</td>\n",
       "      <td>99868</td>\n",
       "    </tr>\n",
       "    <tr>\n",
       "      <th>16</th>\n",
       "      <td>2017</td>\n",
       "      <td>1299419</td>\n",
       "      <td>114968</td>\n",
       "      <td>95567</td>\n",
       "      <td>101700</td>\n",
       "      <td>96132</td>\n",
       "      <td>106274</td>\n",
       "      <td>115827</td>\n",
       "      <td>122894</td>\n",
       "      <td>122386</td>\n",
       "      <td>110811</td>\n",
       "      <td>108538</td>\n",
       "      <td>104386</td>\n",
       "      <td>99936</td>\n",
       "    </tr>\n",
       "    <tr>\n",
       "      <th>17</th>\n",
       "      <td>2018</td>\n",
       "      <td>1255258</td>\n",
       "      <td>107530</td>\n",
       "      <td>90002</td>\n",
       "      <td>101283</td>\n",
       "      <td>94776</td>\n",
       "      <td>104719</td>\n",
       "      <td>110383</td>\n",
       "      <td>117967</td>\n",
       "      <td>116715</td>\n",
       "      <td>107105</td>\n",
       "      <td>107818</td>\n",
       "      <td>100436</td>\n",
       "      <td>96524</td>\n",
       "    </tr>\n",
       "    <tr>\n",
       "      <th>18</th>\n",
       "      <td>2019</td>\n",
       "      <td>1188524</td>\n",
       "      <td>104044</td>\n",
       "      <td>85510</td>\n",
       "      <td>96631</td>\n",
       "      <td>93013</td>\n",
       "      <td>105166</td>\n",
       "      <td>97965</td>\n",
       "      <td>112628</td>\n",
       "      <td>109182</td>\n",
       "      <td>99981</td>\n",
       "      <td>98320</td>\n",
       "      <td>92936</td>\n",
       "      <td>93148</td>\n",
       "    </tr>\n",
       "    <tr>\n",
       "      <th>19</th>\n",
       "      <td>2020</td>\n",
       "      <td>1115821</td>\n",
       "      <td>94888</td>\n",
       "      <td>83433</td>\n",
       "      <td>89503</td>\n",
       "      <td>88526</td>\n",
       "      <td>93159</td>\n",
       "      <td>99232</td>\n",
       "      <td>105970</td>\n",
       "      <td>100478</td>\n",
       "      <td>96018</td>\n",
       "      <td>93428</td>\n",
       "      <td>87540</td>\n",
       "      <td>83646</td>\n",
       "    </tr>\n",
       "    <tr>\n",
       "      <th>20</th>\n",
       "      <td>2021</td>\n",
       "      <td>1079842</td>\n",
       "      <td>80733</td>\n",
       "      <td>77535</td>\n",
       "      <td>86214</td>\n",
       "      <td>82789</td>\n",
       "      <td>88506</td>\n",
       "      <td>94266</td>\n",
       "      <td>99252</td>\n",
       "      <td>100407</td>\n",
       "      <td>97334</td>\n",
       "      <td>93290</td>\n",
       "      <td>92189</td>\n",
       "      <td>87327</td>\n",
       "    </tr>\n",
       "  </tbody>\n",
       "</table>\n",
       "</div>"
      ],
      "text/plain": [
       "     Yıl   Toplam    Ocak   Şubat    Mart   Nisan   Mayıs  Haziran  Temmuz  \\\n",
       "0   2001  1323341  170397  103476  107912  102585  110391   111722  119752   \n",
       "1   2002  1229555  155065  103446  102175   95976   99501   102627  109747   \n",
       "2   2003  1198927  138670   89548  101046   92574   99531   104644  109225   \n",
       "3   2004  1222484  141538   94596  100696  100801  102214   105728  111102   \n",
       "4   2005  1244041  142311   94234  100529   97441  106833   108536  111066   \n",
       "5   2006  1255432  128708   94760  104126   97624  103903   112016  115097   \n",
       "6   2007  1289992  131276   93927  102807  100159  108119   110359  122324   \n",
       "7   2008  1295511  130424   98099  102962  102877  107003   110089  119977   \n",
       "8   2009  1266751  122407   92414   99419  103432  103783   107847  117160   \n",
       "9   2010  1261169  119444   95023  103583   99477  103676   109441  113639   \n",
       "10  2011  1252812  118547   92484  100992   95348   94131   104086  114390   \n",
       "11  2012  1294605  119556   99966  105499   98880  105807   110056  118649   \n",
       "12  2013  1297505  118373   94803  102471   96865  106757   109672  123758   \n",
       "13  2014  1351088  121694   96802  105603  105652  112448   115978  129616   \n",
       "14  2015  1336908  120373   99169  105792  103110  105254   115681  130945   \n",
       "15  2016  1316204  114274  100640  105166  101947  104080   117994  120126   \n",
       "16  2017  1299419  114968   95567  101700   96132  106274   115827  122894   \n",
       "17  2018  1255258  107530   90002  101283   94776  104719   110383  117967   \n",
       "18  2019  1188524  104044   85510   96631   93013  105166    97965  112628   \n",
       "19  2020  1115821   94888   83433   89503   88526   93159    99232  105970   \n",
       "20  2021  1079842   80733   77535   86214   82789   88506    94266   99252   \n",
       "\n",
       "    Ağustos   Eylül    Ekim   Kasım  Aralık  \n",
       "0    120963  109590  103662   92554   70337  \n",
       "1    108061   99701   96216   89285   67755  \n",
       "2    109159   98766   94838   89542   71384  \n",
       "3    110425   98492   94840   90833   71219  \n",
       "4    111430  103273  103310   92364   72714  \n",
       "5    117298  107158  105773   93167   75802  \n",
       "6    118169  111055  109888   99639   82270  \n",
       "7    120048  114470  107978   97389   84195  \n",
       "8    116229  115824  105407   96155   86674  \n",
       "9    113082  110324  104427  101610   87443  \n",
       "10   121152  112959  105048  102970   90705  \n",
       "11   123634  110338  108327  102413   91480  \n",
       "12   121625  112913  110716  104182   95370  \n",
       "13   126296  119030  111754  105566  100649  \n",
       "14   123296  116428  112839  106319   97702  \n",
       "15   124833  114366  107951  104959   99868  \n",
       "16   122386  110811  108538  104386   99936  \n",
       "17   116715  107105  107818  100436   96524  \n",
       "18   109182   99981   98320   92936   93148  \n",
       "19   100478   96018   93428   87540   83646  \n",
       "20   100407   97334   93290   92189   87327  "
      ]
     },
     "execution_count": 38,
     "metadata": {},
     "output_type": "execute_result"
    }
   ],
   "source": [
    "dogumlar = pd.read_excel(\"Veri_Setleri/AyaGöreDoğumlar.xlsx\")\n",
    "dogumlar"
   ]
  },
  {
   "cell_type": "markdown",
   "id": "d718e861",
   "metadata": {},
   "source": [
    "Veri çerçevesini yeniden (AyaGöreDoğumlar.xlsx isimli excel doyasından içe aktararak) oluşturduğumuz ve **index_col** parametresi kullanmadığımız için, İndeks değerleri Pandas tarafından otomatik olarak oluşturuldu. Bu kez de **Toplam** isimli sütun değerlerini **set_index** metoduyla, indeks değerleri olarak atayalım."
   ]
  },
  {
   "cell_type": "code",
   "execution_count": 39,
   "id": "db9fe6fe",
   "metadata": {},
   "outputs": [
    {
     "data": {
      "text/html": [
       "<div>\n",
       "<style scoped>\n",
       "    .dataframe tbody tr th:only-of-type {\n",
       "        vertical-align: middle;\n",
       "    }\n",
       "\n",
       "    .dataframe tbody tr th {\n",
       "        vertical-align: top;\n",
       "    }\n",
       "\n",
       "    .dataframe thead th {\n",
       "        text-align: right;\n",
       "    }\n",
       "</style>\n",
       "<table border=\"1\" class=\"dataframe\">\n",
       "  <thead>\n",
       "    <tr style=\"text-align: right;\">\n",
       "      <th></th>\n",
       "      <th>Yıl</th>\n",
       "      <th>Ocak</th>\n",
       "      <th>Şubat</th>\n",
       "      <th>Mart</th>\n",
       "      <th>Nisan</th>\n",
       "      <th>Mayıs</th>\n",
       "      <th>Haziran</th>\n",
       "      <th>Temmuz</th>\n",
       "      <th>Ağustos</th>\n",
       "      <th>Eylül</th>\n",
       "      <th>Ekim</th>\n",
       "      <th>Kasım</th>\n",
       "      <th>Aralık</th>\n",
       "    </tr>\n",
       "    <tr>\n",
       "      <th>Toplam</th>\n",
       "      <th></th>\n",
       "      <th></th>\n",
       "      <th></th>\n",
       "      <th></th>\n",
       "      <th></th>\n",
       "      <th></th>\n",
       "      <th></th>\n",
       "      <th></th>\n",
       "      <th></th>\n",
       "      <th></th>\n",
       "      <th></th>\n",
       "      <th></th>\n",
       "      <th></th>\n",
       "    </tr>\n",
       "  </thead>\n",
       "  <tbody>\n",
       "    <tr>\n",
       "      <th>1323341</th>\n",
       "      <td>2001</td>\n",
       "      <td>170397</td>\n",
       "      <td>103476</td>\n",
       "      <td>107912</td>\n",
       "      <td>102585</td>\n",
       "      <td>110391</td>\n",
       "      <td>111722</td>\n",
       "      <td>119752</td>\n",
       "      <td>120963</td>\n",
       "      <td>109590</td>\n",
       "      <td>103662</td>\n",
       "      <td>92554</td>\n",
       "      <td>70337</td>\n",
       "    </tr>\n",
       "    <tr>\n",
       "      <th>1229555</th>\n",
       "      <td>2002</td>\n",
       "      <td>155065</td>\n",
       "      <td>103446</td>\n",
       "      <td>102175</td>\n",
       "      <td>95976</td>\n",
       "      <td>99501</td>\n",
       "      <td>102627</td>\n",
       "      <td>109747</td>\n",
       "      <td>108061</td>\n",
       "      <td>99701</td>\n",
       "      <td>96216</td>\n",
       "      <td>89285</td>\n",
       "      <td>67755</td>\n",
       "    </tr>\n",
       "    <tr>\n",
       "      <th>1198927</th>\n",
       "      <td>2003</td>\n",
       "      <td>138670</td>\n",
       "      <td>89548</td>\n",
       "      <td>101046</td>\n",
       "      <td>92574</td>\n",
       "      <td>99531</td>\n",
       "      <td>104644</td>\n",
       "      <td>109225</td>\n",
       "      <td>109159</td>\n",
       "      <td>98766</td>\n",
       "      <td>94838</td>\n",
       "      <td>89542</td>\n",
       "      <td>71384</td>\n",
       "    </tr>\n",
       "    <tr>\n",
       "      <th>1222484</th>\n",
       "      <td>2004</td>\n",
       "      <td>141538</td>\n",
       "      <td>94596</td>\n",
       "      <td>100696</td>\n",
       "      <td>100801</td>\n",
       "      <td>102214</td>\n",
       "      <td>105728</td>\n",
       "      <td>111102</td>\n",
       "      <td>110425</td>\n",
       "      <td>98492</td>\n",
       "      <td>94840</td>\n",
       "      <td>90833</td>\n",
       "      <td>71219</td>\n",
       "    </tr>\n",
       "    <tr>\n",
       "      <th>1244041</th>\n",
       "      <td>2005</td>\n",
       "      <td>142311</td>\n",
       "      <td>94234</td>\n",
       "      <td>100529</td>\n",
       "      <td>97441</td>\n",
       "      <td>106833</td>\n",
       "      <td>108536</td>\n",
       "      <td>111066</td>\n",
       "      <td>111430</td>\n",
       "      <td>103273</td>\n",
       "      <td>103310</td>\n",
       "      <td>92364</td>\n",
       "      <td>72714</td>\n",
       "    </tr>\n",
       "    <tr>\n",
       "      <th>1255432</th>\n",
       "      <td>2006</td>\n",
       "      <td>128708</td>\n",
       "      <td>94760</td>\n",
       "      <td>104126</td>\n",
       "      <td>97624</td>\n",
       "      <td>103903</td>\n",
       "      <td>112016</td>\n",
       "      <td>115097</td>\n",
       "      <td>117298</td>\n",
       "      <td>107158</td>\n",
       "      <td>105773</td>\n",
       "      <td>93167</td>\n",
       "      <td>75802</td>\n",
       "    </tr>\n",
       "    <tr>\n",
       "      <th>1289992</th>\n",
       "      <td>2007</td>\n",
       "      <td>131276</td>\n",
       "      <td>93927</td>\n",
       "      <td>102807</td>\n",
       "      <td>100159</td>\n",
       "      <td>108119</td>\n",
       "      <td>110359</td>\n",
       "      <td>122324</td>\n",
       "      <td>118169</td>\n",
       "      <td>111055</td>\n",
       "      <td>109888</td>\n",
       "      <td>99639</td>\n",
       "      <td>82270</td>\n",
       "    </tr>\n",
       "    <tr>\n",
       "      <th>1295511</th>\n",
       "      <td>2008</td>\n",
       "      <td>130424</td>\n",
       "      <td>98099</td>\n",
       "      <td>102962</td>\n",
       "      <td>102877</td>\n",
       "      <td>107003</td>\n",
       "      <td>110089</td>\n",
       "      <td>119977</td>\n",
       "      <td>120048</td>\n",
       "      <td>114470</td>\n",
       "      <td>107978</td>\n",
       "      <td>97389</td>\n",
       "      <td>84195</td>\n",
       "    </tr>\n",
       "    <tr>\n",
       "      <th>1266751</th>\n",
       "      <td>2009</td>\n",
       "      <td>122407</td>\n",
       "      <td>92414</td>\n",
       "      <td>99419</td>\n",
       "      <td>103432</td>\n",
       "      <td>103783</td>\n",
       "      <td>107847</td>\n",
       "      <td>117160</td>\n",
       "      <td>116229</td>\n",
       "      <td>115824</td>\n",
       "      <td>105407</td>\n",
       "      <td>96155</td>\n",
       "      <td>86674</td>\n",
       "    </tr>\n",
       "    <tr>\n",
       "      <th>1261169</th>\n",
       "      <td>2010</td>\n",
       "      <td>119444</td>\n",
       "      <td>95023</td>\n",
       "      <td>103583</td>\n",
       "      <td>99477</td>\n",
       "      <td>103676</td>\n",
       "      <td>109441</td>\n",
       "      <td>113639</td>\n",
       "      <td>113082</td>\n",
       "      <td>110324</td>\n",
       "      <td>104427</td>\n",
       "      <td>101610</td>\n",
       "      <td>87443</td>\n",
       "    </tr>\n",
       "    <tr>\n",
       "      <th>1252812</th>\n",
       "      <td>2011</td>\n",
       "      <td>118547</td>\n",
       "      <td>92484</td>\n",
       "      <td>100992</td>\n",
       "      <td>95348</td>\n",
       "      <td>94131</td>\n",
       "      <td>104086</td>\n",
       "      <td>114390</td>\n",
       "      <td>121152</td>\n",
       "      <td>112959</td>\n",
       "      <td>105048</td>\n",
       "      <td>102970</td>\n",
       "      <td>90705</td>\n",
       "    </tr>\n",
       "    <tr>\n",
       "      <th>1294605</th>\n",
       "      <td>2012</td>\n",
       "      <td>119556</td>\n",
       "      <td>99966</td>\n",
       "      <td>105499</td>\n",
       "      <td>98880</td>\n",
       "      <td>105807</td>\n",
       "      <td>110056</td>\n",
       "      <td>118649</td>\n",
       "      <td>123634</td>\n",
       "      <td>110338</td>\n",
       "      <td>108327</td>\n",
       "      <td>102413</td>\n",
       "      <td>91480</td>\n",
       "    </tr>\n",
       "    <tr>\n",
       "      <th>1297505</th>\n",
       "      <td>2013</td>\n",
       "      <td>118373</td>\n",
       "      <td>94803</td>\n",
       "      <td>102471</td>\n",
       "      <td>96865</td>\n",
       "      <td>106757</td>\n",
       "      <td>109672</td>\n",
       "      <td>123758</td>\n",
       "      <td>121625</td>\n",
       "      <td>112913</td>\n",
       "      <td>110716</td>\n",
       "      <td>104182</td>\n",
       "      <td>95370</td>\n",
       "    </tr>\n",
       "    <tr>\n",
       "      <th>1351088</th>\n",
       "      <td>2014</td>\n",
       "      <td>121694</td>\n",
       "      <td>96802</td>\n",
       "      <td>105603</td>\n",
       "      <td>105652</td>\n",
       "      <td>112448</td>\n",
       "      <td>115978</td>\n",
       "      <td>129616</td>\n",
       "      <td>126296</td>\n",
       "      <td>119030</td>\n",
       "      <td>111754</td>\n",
       "      <td>105566</td>\n",
       "      <td>100649</td>\n",
       "    </tr>\n",
       "    <tr>\n",
       "      <th>1336908</th>\n",
       "      <td>2015</td>\n",
       "      <td>120373</td>\n",
       "      <td>99169</td>\n",
       "      <td>105792</td>\n",
       "      <td>103110</td>\n",
       "      <td>105254</td>\n",
       "      <td>115681</td>\n",
       "      <td>130945</td>\n",
       "      <td>123296</td>\n",
       "      <td>116428</td>\n",
       "      <td>112839</td>\n",
       "      <td>106319</td>\n",
       "      <td>97702</td>\n",
       "    </tr>\n",
       "    <tr>\n",
       "      <th>1316204</th>\n",
       "      <td>2016</td>\n",
       "      <td>114274</td>\n",
       "      <td>100640</td>\n",
       "      <td>105166</td>\n",
       "      <td>101947</td>\n",
       "      <td>104080</td>\n",
       "      <td>117994</td>\n",
       "      <td>120126</td>\n",
       "      <td>124833</td>\n",
       "      <td>114366</td>\n",
       "      <td>107951</td>\n",
       "      <td>104959</td>\n",
       "      <td>99868</td>\n",
       "    </tr>\n",
       "    <tr>\n",
       "      <th>1299419</th>\n",
       "      <td>2017</td>\n",
       "      <td>114968</td>\n",
       "      <td>95567</td>\n",
       "      <td>101700</td>\n",
       "      <td>96132</td>\n",
       "      <td>106274</td>\n",
       "      <td>115827</td>\n",
       "      <td>122894</td>\n",
       "      <td>122386</td>\n",
       "      <td>110811</td>\n",
       "      <td>108538</td>\n",
       "      <td>104386</td>\n",
       "      <td>99936</td>\n",
       "    </tr>\n",
       "    <tr>\n",
       "      <th>1255258</th>\n",
       "      <td>2018</td>\n",
       "      <td>107530</td>\n",
       "      <td>90002</td>\n",
       "      <td>101283</td>\n",
       "      <td>94776</td>\n",
       "      <td>104719</td>\n",
       "      <td>110383</td>\n",
       "      <td>117967</td>\n",
       "      <td>116715</td>\n",
       "      <td>107105</td>\n",
       "      <td>107818</td>\n",
       "      <td>100436</td>\n",
       "      <td>96524</td>\n",
       "    </tr>\n",
       "    <tr>\n",
       "      <th>1188524</th>\n",
       "      <td>2019</td>\n",
       "      <td>104044</td>\n",
       "      <td>85510</td>\n",
       "      <td>96631</td>\n",
       "      <td>93013</td>\n",
       "      <td>105166</td>\n",
       "      <td>97965</td>\n",
       "      <td>112628</td>\n",
       "      <td>109182</td>\n",
       "      <td>99981</td>\n",
       "      <td>98320</td>\n",
       "      <td>92936</td>\n",
       "      <td>93148</td>\n",
       "    </tr>\n",
       "    <tr>\n",
       "      <th>1115821</th>\n",
       "      <td>2020</td>\n",
       "      <td>94888</td>\n",
       "      <td>83433</td>\n",
       "      <td>89503</td>\n",
       "      <td>88526</td>\n",
       "      <td>93159</td>\n",
       "      <td>99232</td>\n",
       "      <td>105970</td>\n",
       "      <td>100478</td>\n",
       "      <td>96018</td>\n",
       "      <td>93428</td>\n",
       "      <td>87540</td>\n",
       "      <td>83646</td>\n",
       "    </tr>\n",
       "    <tr>\n",
       "      <th>1079842</th>\n",
       "      <td>2021</td>\n",
       "      <td>80733</td>\n",
       "      <td>77535</td>\n",
       "      <td>86214</td>\n",
       "      <td>82789</td>\n",
       "      <td>88506</td>\n",
       "      <td>94266</td>\n",
       "      <td>99252</td>\n",
       "      <td>100407</td>\n",
       "      <td>97334</td>\n",
       "      <td>93290</td>\n",
       "      <td>92189</td>\n",
       "      <td>87327</td>\n",
       "    </tr>\n",
       "  </tbody>\n",
       "</table>\n",
       "</div>"
      ],
      "text/plain": [
       "          Yıl    Ocak   Şubat    Mart   Nisan   Mayıs  Haziran  Temmuz  \\\n",
       "Toplam                                                                   \n",
       "1323341  2001  170397  103476  107912  102585  110391   111722  119752   \n",
       "1229555  2002  155065  103446  102175   95976   99501   102627  109747   \n",
       "1198927  2003  138670   89548  101046   92574   99531   104644  109225   \n",
       "1222484  2004  141538   94596  100696  100801  102214   105728  111102   \n",
       "1244041  2005  142311   94234  100529   97441  106833   108536  111066   \n",
       "1255432  2006  128708   94760  104126   97624  103903   112016  115097   \n",
       "1289992  2007  131276   93927  102807  100159  108119   110359  122324   \n",
       "1295511  2008  130424   98099  102962  102877  107003   110089  119977   \n",
       "1266751  2009  122407   92414   99419  103432  103783   107847  117160   \n",
       "1261169  2010  119444   95023  103583   99477  103676   109441  113639   \n",
       "1252812  2011  118547   92484  100992   95348   94131   104086  114390   \n",
       "1294605  2012  119556   99966  105499   98880  105807   110056  118649   \n",
       "1297505  2013  118373   94803  102471   96865  106757   109672  123758   \n",
       "1351088  2014  121694   96802  105603  105652  112448   115978  129616   \n",
       "1336908  2015  120373   99169  105792  103110  105254   115681  130945   \n",
       "1316204  2016  114274  100640  105166  101947  104080   117994  120126   \n",
       "1299419  2017  114968   95567  101700   96132  106274   115827  122894   \n",
       "1255258  2018  107530   90002  101283   94776  104719   110383  117967   \n",
       "1188524  2019  104044   85510   96631   93013  105166    97965  112628   \n",
       "1115821  2020   94888   83433   89503   88526   93159    99232  105970   \n",
       "1079842  2021   80733   77535   86214   82789   88506    94266   99252   \n",
       "\n",
       "         Ağustos   Eylül    Ekim   Kasım  Aralık  \n",
       "Toplam                                            \n",
       "1323341   120963  109590  103662   92554   70337  \n",
       "1229555   108061   99701   96216   89285   67755  \n",
       "1198927   109159   98766   94838   89542   71384  \n",
       "1222484   110425   98492   94840   90833   71219  \n",
       "1244041   111430  103273  103310   92364   72714  \n",
       "1255432   117298  107158  105773   93167   75802  \n",
       "1289992   118169  111055  109888   99639   82270  \n",
       "1295511   120048  114470  107978   97389   84195  \n",
       "1266751   116229  115824  105407   96155   86674  \n",
       "1261169   113082  110324  104427  101610   87443  \n",
       "1252812   121152  112959  105048  102970   90705  \n",
       "1294605   123634  110338  108327  102413   91480  \n",
       "1297505   121625  112913  110716  104182   95370  \n",
       "1351088   126296  119030  111754  105566  100649  \n",
       "1336908   123296  116428  112839  106319   97702  \n",
       "1316204   124833  114366  107951  104959   99868  \n",
       "1299419   122386  110811  108538  104386   99936  \n",
       "1255258   116715  107105  107818  100436   96524  \n",
       "1188524   109182   99981   98320   92936   93148  \n",
       "1115821   100478   96018   93428   87540   83646  \n",
       "1079842   100407   97334   93290   92189   87327  "
      ]
     },
     "execution_count": 39,
     "metadata": {},
     "output_type": "execute_result"
    }
   ],
   "source": [
    "dogumlar.set_index(\"Toplam\")"
   ]
  },
  {
   "cell_type": "markdown",
   "id": "f30343c5",
   "metadata": {},
   "source": [
    "## Sütunları Atla\n",
    "\n",
    "## usecols Parametresi\n",
    "\n",
    "Bir Excel çalışma sayfasını, Pandas Veri Çerçevesine (DataFrame'e) dönüştürürken, bazı sütunları atlamamız / göz ardı etmemiz gerekebilir, bunu **usecols** parametresi kullanarak yapabiliriz. Bu parametre, tamsayı (int), metin (str), list-like veya callable (varsayılan None) değerlerini alır. Sütun adlarının veya konumlarının listesini belirtmek için, bir dize (string) listesi veya bir tamsayı (int) listesi kullanmalıyız.\n",
    "\n",
    "Aylara Göre Doğum Sayıları tablosunu yukarıda görmüştük. Bu tabloda 14 sütun bulunmaktadır. Sadece istediğimiz aylara ait sütun bilgilerini görüntülemek istersek **usecols** parametresine ya **ay isimlerini** ya da **ayın sütun indis değerini** yazmamız gerekir. Her iki kullanımı da görelim."
   ]
  },
  {
   "cell_type": "code",
   "execution_count": 40,
   "id": "f654b1b8",
   "metadata": {},
   "outputs": [
    {
     "data": {
      "text/html": [
       "<div>\n",
       "<style scoped>\n",
